                    6                       908                    343534        56  22334455  -5856
                    7
                     7
                              7
                                             567
                                                             -896
-09090909


                                             45

                                                             450
23    -908


                                                              89
                                                              1
                                                              1
                      345
                                                              34
                                                              34

                                                              3434
                                                              34
                                                              34
                                                              341
             45               545          54 45 55                                                  1
                                                              1
                                                              1   2300
                                                               56 67        65         65        56       56          5454         34       34 34

                                                                            -8097
                                                                            -97